$ANSIBLE_VAULT;1.1;AES256
63383865343434643161346266306365666132373432633766373038316665616530333437663031
6335643762666666353831336361333733663461303130320a666532336236313437316264613734
32643738366534663533643738383034343830363830333934336236373136306137356462373062
3738346236336436320a333233343731663862653762393761633834636665313337616637363732
61336236333230353338633634313433323035313035333035623430663630383537313235383731
34396333323830373661373530373634303532646631626138636236643830333864353363336433
35383134393137643432313362313533623532333365353561393337643139386630646235353266
31646438653232323430646665333632366362336361623538363065653533386664623136666430
65353733663964306464353530643265383666323666303433383365366336373831346332333734
65366562396561343834323233373332386532393637356239353134323364343362363437386461
65393663393563633337623239613962386538643235643635326633313530383132643336363461
66333361343731633763626536646337383966396632643163323037383565306666393837306431
30306239656130373337643330653235666563356638323337373066636266393435313736306663
61306165396563646461326130316230646266303638323261303962393961616539373039396237
33653862663132386563663038396163653763373863333435353637306461373232393634383332
31613865323036626434396165613634396639393733306465373035363764623734336130643163
61613166383931663530653362623236346462613130343438653839626261336563306531303739
39353066653464626134663463323333646536383966303062306135373166373331353435313634
37323861323239396166336339363030366263396230636535376430643335636131346166313432
37323131633835356262653166333664373463626461303339326162353133636633636265633039
65653538643462643439343231653065303762633836373062343465346463666661366564653162
61643965643363613335326166366537626666346133643537633036313666373539646538306437
38313161363866366138303566313838613030396165663361636633656530643237656432663262
36343237316431666161656165336433613966333764633764383138356663396431626466663434
36356638376637666232363436313335633631353765376163323035386161613731
